resized\1.jpg 146,136,219,199,2 
resized\10.jpg 156,133,233,202,2 
resized\100.jpg 413,167,291,145,1 287,152,205,137,1 203,143,121,130,1 122,135,54,121,1 180,94,141,108,1 130,105,107,119,1 54,125,6,142,1 
resized\101.jpg 3,205,75,158,1 72,158,124,126,1 121,128,151,104,1 151,108,185,81,1 182,81,212,65,1 175,115,264,101,1 268,107,345,92,1 355,105,413,90,1 
resized\102.jpg 45,411,133,259,1 84,253,144,160,1 120,153,152,111,1 127,111,155,69,1 146,96,196,121,1 192,87,243,106,1 237,81,278,104,1 274,74,325,93,1 320,69,399,81,1 
resized\103.jpg 414,281,313,210,1 317,212,254,174,1 254,176,214,145,1 242,135,302,159,1 297,135,353,160,1 352,120,411,145,1 
resized\104.jpg 413,323,338,243,1 336,260,273,195,1 282,207,227,170,1 237,180,198,138,1 228,137,281,159,1 275,133,344,154,1 342,132,411,150,1 
resized\105.jpg 415,409,339,310,1 344,321,287,251,1 298,263,234,199,1 246,212,183,154,1 207,133,261,161,1 266,145,317,171,1 313,131,364,160,1 354,126,416,156,1 
resized\106.jpg 399,414,286,299,1 311,304,244,232,1 265,231,222,190,1 241,189,200,160,1 222,147,274,170,1 277,147,329,170,1 324,141,381,162,1 380,144,406,170,1 
resized\108.jpg 124,411,205,298,1 148,294,208,214,1 167,211,219,177,1 184,172,214,148,1 212,135,258,151,1 257,140,303,159,1 292,135,353,159,1 348,137,403,163,1 
resized\109.jpg 219,413,152,284,1 202,282,146,201,1 190,202,155,159,1 181,146,218,165,1 220,146,284,169,1 282,147,364,166,1 370,146,401,164,1 
resized\11.jpg 168,109,259,189,2 
resized\110.jpg 356,411,282,349,1 368,347,311,283,1 387,278,350,192,1 411,189,377,138,1 378,119,266,145,1 268,121,140,150,1 145,124,12,146,1 27,77,152,79,1 173,60,265,77,1 301,51,384,63,1 261,53,326,71,1 385,44,419,58,1 
resized\111.jpg 320,412,243,339,1 360,335,311,238,1 405,239,350,179,1 395,129,286,152,1 286,123,149,155,1 152,124,49,149,1 46,125,6,146,1 22,76,118,90,1 126,68,228,84,1 243,64,322,80,1 338,52,409,69,1 
resized\112.jpg 111,413,257,331,1 205,334,338,261,1 297,267,384,220,1 363,223,418,189,1 409,165,264,141,1 261,155,137,133,1 137,150,6,123,1 97,93,193,75,1 199,91,293,73,1 295,94,383,74,1 
resized\113.jpg 163,405,293,308,1 256,310,360,239,1 331,244,413,174,1 394,159,247,139,1 235,154,108,127,1 87,150,7,118,1 53,73,153,89,1 148,72,252,83,1 252,61,339,83,1 342,63,407,76,1 
resized\114.jpg 19,415,203,318,1 159,326,317,243,1 272,250,402,186,1 381,188,241,146,1 243,163,141,136,1 142,147,12,120,1 405,89,307,74,1 283,88,211,73,1 208,89,115,79,1 
resized\115.jpg 1,371,146,303,1 138,307,245,254,1 227,262,313,219,1 301,230,375,181,1 360,179,215,145,1 216,157,115,131,1 120,136,6,111,1 93,86,202,78,1 203,89,295,81,1 299,91,408,85,1 
resized\116.jpg 6,354,151,280,1 144,285,253,232,1 246,237,334,195,1 348,196,243,145,1 238,165,118,129,1 117,141,16,114,1 405,102,281,80,1 281,95,183,81,1 177,92,108,72,1 
resized\117.jpg 5,296,101,264,1 99,265,183,240,1 174,242,286,203,1 278,208,331,179,1 297,182,196,146,1 203,152,88,119,1 91,128,17,100,1 116,64,173,82,1 176,66,248,91,1 249,75,316,105,1 323,84,421,106,1 
resized\118.jpg 9,328,153,272,1 135,280,246,231,1 244,232,339,194,1 325,186,202,153,1 207,158,74,125,1 73,131,4,107,1 406,101,291,82,1 288,100,198,75,1 195,93,126,74,1 
resized\119.jpg 8,285,136,240,1 119,251,240,211,1 243,213,322,186,1 307,181,177,141,1 189,150,88,121,1 105,132,12,96,1 124,63,209,87,1 205,72,291,94,1 287,81,383,98,1 
resized\12.jpg 154,128,258,212,2 
resized\120.jpg 8,249,118,217,1 107,220,209,198,1 193,203,269,183,1 256,185,158,146,1 175,156,88,125,1 101,136,10,93,1 106,59,179,83,1 175,67,240,98,1 238,78,335,99,1 329,93,399,115,1 
resized\13.jpg 177,117,267,194,2 
resized\14.jpg 204,98,299,181,2 
resized\15.jpg 164,117,251,189,2 
resized\16.jpg 333,166,241,82,2 
resized\17.jpg 240,193,151,119,2 
resized\18.jpg 231,192,145,123,2 
resized\19.jpg 209,183,126,110,2 
resized\2.jpg 150,183,218,103,2 
resized\20.jpg 221,182,139,87,2 
resized\21.jpg 179,172,122,108,2 
resized\22.jpg 191,168,130,105,2 
resized\23.jpg 174,188,119,120,2 
resized\24.jpg 202,192,98,93,2 
resized\25.jpg 191,175,66,61,2 
resized\26.jpg 83,62,216,186,2 
resized\27.jpg 151,98,287,240,2 
resized\28.jpg 67,62,210,199,2 
resized\29.jpg 102,70,242,216,2 
resized\3.jpg 177,149,268,225,2 
resized\30.jpg 84,53,247,196,2 
resized\31.jpg 143,61,296,203,2 
resized\32.jpg 149,71,299,191,2 
resized\33.jpg 147,76,295,190,2 
resized\34.jpg 188,90,317,198,2 
resized\35.jpg 195,90,331,213,2 
resized\36.jpg 217,82,327,201,2 
resized\37.jpg 178,98,286,221,2 
resized\38.jpg 201,103,306,222,2 
resized\39.jpg 177,134,231,188,2 
resized\4.jpg 165,119,256,204,2 
resized\40.jpg 177,130,235,190,2 
resized\41.jpg 193,144,247,200,2 
resized\42.jpg 205,132,261,188,2 
resized\43.jpg 221,137,272,188,2 
resized\44.jpg 265,219,212,163,2 
resized\45.jpg 212,127,270,176,2 
resized\46.jpg 209,126,263,186,2 
resized\47.jpg 193,122,247,174,2 
resized\48.jpg 214,122,268,179,2 
resized\49.jpg 159,107,212,164,2 
resized\5.jpg 185,218,269,134,2 
resized\50.jpg 216,178,267,139,2 
resized\51.jpg 176,169,229,130,2 
resized\52.jpg 179,174,228,127,2 
resized\53.jpg 146,138,198,89,2 
resized\54.jpg 137,207,177,158,2 
resized\55.jpg 3,241,65,172,1 61,176,109,135,1 105,135,133,103,1 351,99,407,109,1 
resized\56.jpg 1,294,55,210,1 49,213,92,157,1 91,157,122,108,1 354,90,409,105,1 
resized\57.jpg 70,407,162,248,1 114,246,167,167,1 134,170,166,103,1 364,84,414,94,1 
resized\58.jpg 326,411,225,276,1 264,273,202,174,1 225,175,191,132,1 216,134,183,100,1 
resized\59.jpg 413,397,315,258,1 330,266,269,181,1 291,198,236,137,1 256,151,213,99,1 
resized\6.jpg 249,211,341,137,2 
resized\60.jpg 414,229,340,173,1 359,185,301,148,1 319,155,264,121,1 283,132,247,111,1 
resized\61.jpg 413,268,335,191,1 348,205,291,151,1 302,168,253,120,1 267,128,242,102,1 
resized\62.jpg 412,212,357,172,1 375,184,324,151,1 338,160,283,123,1 290,128,272,117,1 
resized\63.jpg 414,246,316,120,1 338,138,277,67,1 294,81,241,20,1 
resized\64.jpg 413,347,323,183,1 333,204,286,127,1 300,139,243,55,1 
resized\65.jpg 207,414,248,270,1 196,267,238,202,1 200,199,227,125,1 183,125,210,84,1 184,86,202,41,1 
resized\66.jpg 376,412,269,265,1 303,266,230,160,1 258,165,204,100,1 226,105,187,50,1 
resized\67.jpg 30,413,124,254,1 91,257,151,166,1 116,174,170,98,1 141,110,187,53,1 164,55,189,24,1 
resized\68.jpg 107,415,188,281,1 142,276,193,169,1 156,168,205,87,1 172,82,199,43,1 
resized\69.jpg 0,225,62,145,1 51,148,97,97,1 85,101,129,47,1 128,50,144,23,1 
resized\7.jpg 169,183,265,117,2 
resized\70.jpg 2,330,74,201,1 64,216,111,137,1 95,150,145,91,1 131,97,166,49,1 149,53,177,17,1 
resized\71.jpg 5,170,56,119,1 39,126,74,84,1 68,92,106,53,1 93,60,130,24,1 
resized\72.jpg 2,185,48,126,1 45,132,100,94,1 83,97,113,60,1 100,66,144,17,1 
resized\73.jpg 6,136,51,96,1 44,100,89,62,1 88,68,128,26,1 
resized\74.jpg 6,111,41,84,1 40,88,80,65,1 73,65,120,39,1 116,36,144,25,1 
resized\75.jpg 3,122,58,79,1 56,81,97,47,1 94,50,124,24,1 
resized\76.jpg 7,99,51,74,1 55,70,99,47,1 97,49,131,28,1 
resized\77.jpg 7,244,28,212,1 27,222,66,177,1 64,181,105,133,1 105,134,138,98,1 138,101,163,71,1 
resized\78.jpg 1,159,60,118,1 60,119,111,84,1 107,86,148,56,1 
resized\79.jpg 7,181,65,133,1 63,133,113,95,1 112,95,157,55,1 
resized\8.jpg 150,184,227,122,1 
resized\80.jpg 5,130,64,99,1 64,99,113,70,1 114,68,144,51,1 
resized\81.jpg 6,100,37,83,1 37,82,80,59,1 411,83,359,66,1 359,67,314,53,1 321,52,295,46,1 
resized\82.jpg 1,118,39,97,1 41,97,81,74,1 81,74,117,54,1 330,43,361,55,1 363,54,406,67,1 
resized\83.jpg 7,90,44,71,1 44,71,79,57,1 286,53,345,73,1 352,76,405,91,1 
resized\84.jpg 12,90,71,65,1 267,58,311,79,1 308,76,360,95,1 362,95,411,105,1 
resized\85.jpg 4,89,66,68,1 263,53,313,72,1 308,67,402,96,1 
resized\86.jpg 4,100,55,82,1 251,83,314,112,1 296,104,368,137,1 354,124,404,151,1 
resized\87.jpg 9,95,75,73,1 263,68,328,94,1 308,83,368,114,1 354,103,408,130,1 
resized\88.jpg 204,79,272,121,1 255,105,317,148,1 301,121,396,186,1 380,165,403,188,1 
resized\89.jpg 6,90,56,80,1 230,79,274,100,1 264,97,308,118,1 294,107,350,137,1 333,128,406,163,1 
resized\9.jpg 155,118,242,189,2 
resized\90.jpg 9,104,98,83,1 278,67,328,99,1 313,88,377,129,1 367,120,413,141,1 
resized\91.jpg 9,93,87,81,1 274,73,320,101,1 304,93,356,123,1 345,116,409,151,1 
resized\92.jpg 5,85,83,68,1 253,61,325,112,1 301,100,364,151,1 348,128,411,183,1 
resized\93.jpg 10,81,73,68,1 249,65,293,105,1 280,93,347,142,1 322,125,409,212,1 
resized\94.jpg 240,66,280,139,1 272,113,325,207,1 311,175,368,260,1 354,236,403,348,1 13,77,68,63,1 
resized\95.jpg 7,82,71,67,1 237,63,288,117,1 273,107,314,151,1 298,135,353,184,1 338,170,410,282,1 
resized\96.jpg 5,80,59,69,1 231,72,259,120,1 252,107,274,182,1 261,162,300,248,1 289,218,348,337,1 323,298,393,411,1 
resized\97.jpg 2,193,74,181,1 65,183,137,159,1 134,162,202,148,1 196,152,249,135,1 244,138,286,125,1 145,159,200,213,1 186,202,247,265,1 238,251,293,311,1 281,297,341,355,1 329,348,393,409,1 
resized\98.jpg 6,230,64,209,1 64,212,130,183,1 127,190,226,147,1 128,207,188,254,1 186,248,238,293,1 223,283,292,344,1 283,330,368,386,1 360,373,393,407,1 
resized\99.jpg 8,133,88,114,1 89,114,154,101,1 150,103,227,80,1 116,114,197,135,1 190,134,272,154,1 264,151,353,170,1 350,170,407,184,1 
ShaggyCam\ShaggyCam1\  (1).jpg 2,123,85,140,1 69,117,144,151,1 139,121,410,146,1 
ShaggyCam\ShaggyCam1\  (10).jpg 0,119,414,134,1 
ShaggyCam\ShaggyCam1\  (11).jpg 0,118,193,131,1 197,122,413,137,1 
ShaggyCam\ShaggyCam1\  (12).jpg 1,120,153,130,1 166,124,302,128,1 316,126,410,133,1 
ShaggyCam\ShaggyCam1\  (13).jpg 1,118,155,127,1 163,123,308,129,1 315,125,412,131,1 
ShaggyCam\ShaggyCam1\  (14).jpg 2,119,201,129,1 208,125,411,133,1 
ShaggyCam\ShaggyCam1\  (15).jpg 3,121,156,131,1 162,125,263,134,1 263,127,411,137,1 
ShaggyCam\ShaggyCam1\  (16).jpg 0,122,166,135,1 172,126,412,135,1 
ShaggyCam\ShaggyCam1\  (17).jpg 1,125,164,134,1 171,129,312,136,1 310,130,417,139,1 
ShaggyCam\ShaggyCam1\  (18).jpg 2,130,121,138,1 125,130,415,141,1 
ShaggyCam\ShaggyCam1\  (19).jpg 4,134,181,141,1 175,134,413,143,1 
ShaggyCam\ShaggyCam1\  (2).jpg 3,131,190,139,1 196,129,413,141,1 
ShaggyCam\ShaggyCam1\  (20).jpg 1,135,194,146,1 192,132,415,141,1 
ShaggyCam\ShaggyCam1\  (21).jpg 2,136,198,148,1 191,134,414,148,1 
ShaggyCam\ShaggyCam1\  (22).jpg 3,140,215,147,1 199,138,414,152,1 
ShaggyCam\ShaggyCam1\  (23).jpg 3,138,198,153,1 197,132,415,147,1 
ShaggyCam\ShaggyCam1\  (24).jpg 415,137,259,151,1 268,137,128,154,1 134,139,4,156,1 
ShaggyCam\ShaggyCam1\  (25).jpg 413,136,270,155,1 275,141,117,157,1 126,144,6,158,1 
ShaggyCam\ShaggyCam1\  (26).jpg 415,140,220,159,1 226,148,106,163,1 114,149,5,163,1 
ShaggyCam\ShaggyCam1\  (27).jpg 413,147,225,163,1 232,156,109,167,1 116,158,2,171,1 
ShaggyCam\ShaggyCam1\  (28).jpg 415,151,256,169,1 260,157,142,169,1 149,160,4,174,1 
ShaggyCam\ShaggyCam1\  (29).jpg 415,154,268,171,1 273,160,125,176,1 130,166,0,180,1 
ShaggyCam\ShaggyCam1\  (3).jpg 3,127,183,139,1 183,128,325,139,1 323,132,413,141,1 
ShaggyCam\ShaggyCam1\  (30).jpg 414,160,246,180,1 250,166,110,178,1 113,170,3,182,1 
ShaggyCam\ShaggyCam1\  (31).jpg 414,166,240,177,1 244,170,101,181,1 108,173,3,183,1 
ShaggyCam\ShaggyCam1\  (32).jpg 414,169,248,180,1 249,175,100,183,1 103,178,3,184,1 
ShaggyCam\ShaggyCam1\  (33).jpg 412,174,253,183,1 254,174,106,185,1 113,176,5,189,1 
ShaggyCam\ShaggyCam1\  (34).jpg 414,175,240,184,1 240,177,95,188,1 101,179,2,192,1 
ShaggyCam\ShaggyCam1\  (35).jpg 415,175,258,189,1 260,180,81,190,1 86,181,6,191,1 
ShaggyCam\ShaggyCam1\  (36).jpg 414,178,222,191,1 226,181,82,194,1 86,183,5,195,1 
ShaggyCam\ShaggyCam1\  (37).jpg 415,184,204,196,1 202,190,3,199,1 
ShaggyCam\ShaggyCam1\  (38).jpg 415,187,237,198,1 238,190,93,200,1 97,193,3,204,1 
ShaggyCam\ShaggyCam1\  (39).jpg 409,192,233,205,1 238,194,138,208,1 145,194,5,208,1 
ShaggyCam\ShaggyCam1\  (4).jpg 3,124,130,138,1 131,127,232,137,1 233,129,321,138,1 321,130,411,138,1 
ShaggyCam\ShaggyCam1\  (40).jpg 413,193,220,206,1 229,192,3,207,1 
ShaggyCam\ShaggyCam1\  (41).jpg 415,194,218,205,1 222,194,103,205,1 108,192,2,207,1 
ShaggyCam\ShaggyCam1\  (42).jpg 414,190,261,205,1 266,192,141,205,1 146,193,2,206,1 
ShaggyCam\ShaggyCam1\  (43).jpg 415,194,275,207,1 280,196,182,203,1 184,194,84,201,1 89,194,1,202,1 
ShaggyCam\ShaggyCam1\  (44).jpg 415,192,268,200,1 274,191,142,199,1 148,192,2,200,1 
ShaggyCam\ShaggyCam1\  (45).jpg 414,189,238,197,1 242,190,133,198,1 139,189,3,196,1 
ShaggyCam\ShaggyCam1\  (46).jpg 2,188,409,197,1 
ShaggyCam\ShaggyCam1\  (47).jpg 3,184,190,194,1 190,187,408,194,1 
ShaggyCam\ShaggyCam1\  (48).jpg 3,184,197,192,1 193,183,407,191,1 
ShaggyCam\ShaggyCam1\  (49).jpg 1,183,186,188,1 176,182,406,191,1 
ShaggyCam\ShaggyCam1\  (5).jpg 2,125,204,138,1 205,126,408,141,1 
ShaggyCam\ShaggyCam1\  (50).jpg 2,181,176,191,1 172,179,293,189,1 293,180,403,187,1 
ShaggyCam\ShaggyCam1\  (51).jpg 1,182,95,191,1 88,183,171,192,1 168,183,259,190,1 252,182,391,187,1 389,182,410,189,1 
ShaggyCam\ShaggyCam1\  (52).jpg 413,183,248,191,1 247,183,122,193,1 124,185,4,193,1 
ShaggyCam\ShaggyCam1\  (53).jpg 413,185,287,193,1 289,182,146,195,1 150,184,10,197,1 
ShaggyCam\ShaggyCam1\  (54).jpg 409,188,237,197,1 242,189,131,198,1 140,188,6,199,1 
ShaggyCam\ShaggyCam1\  (55).jpg 2,190,172,202,1 168,192,287,204,1 283,192,411,204,1 
ShaggyCam\ShaggyCam1\  (56).jpg 3,194,166,209,1 165,194,266,206,1 265,195,409,206,1 
ShaggyCam\ShaggyCam1\  (57).jpg 0,195,158,209,1 159,200,284,211,1 284,201,410,211,1 
ShaggyCam\ShaggyCam1\  (58).jpg 2,127,214,135,1 213,130,410,141,1 
ShaggyCam\ShaggyCam2\  (1).jpg 165,406,201,215,1 175,208,189,123,1 172,118,183,73,1 170,67,178,54,1 
ShaggyCam\ShaggyCam2\  (10).jpg 155,413,200,263,1 160,260,180,147,1 163,145,170,79,1 160,73,170,64,1 
ShaggyCam\ShaggyCam2\  (11).jpg 149,414,197,274,1 155,273,187,186,1 158,176,171,106,1 157,101,164,68,1 
ShaggyCam\ShaggyCam2\  (12).jpg 147,412,197,264,1 151,264,180,162,1 153,159,167,86,1 154,82,159,68,1 
ShaggyCam\ShaggyCam2\  (13).jpg 152,412,190,251,1 153,255,179,160,1 158,164,168,106,1 155,106,162,76,1 
ShaggyCam\ShaggyCam2\  (14).jpg 145,415,189,263,1 143,260,177,172,1 145,165,167,103,1 154,103,164,69,1 
ShaggyCam\ShaggyCam2\  (15).jpg 143,413,187,251,1 147,247,172,140,1 153,139,164,104,1 154,99,162,71,1 
ShaggyCam\ShaggyCam2\  (16).jpg 138,409,185,274,1 147,271,174,159,1 153,152,160,78,1 
ShaggyCam\ShaggyCam2\  (17).jpg 134,409,181,227,1 148,225,170,163,1 153,159,169,119,1 155,115,163,91,1 
ShaggyCam\ShaggyCam2\  (18).jpg 134,407,185,268,1 144,264,174,176,1 151,177,172,131,1 155,130,167,87,1 
ShaggyCam\ShaggyCam2\  (19).jpg 132,409,183,233,1 148,231,173,168,1 158,165,173,120,1 160,117,171,86,1 
ShaggyCam\ShaggyCam2\  (2).jpg 165,409,203,212,1 169,209,190,122,1 165,123,177,68,1 170,66,181,54,1 
ShaggyCam\ShaggyCam2\  (20).jpg 139,408,188,253,1 152,252,178,163,1 163,164,175,117,1 166,116,175,89,1 
ShaggyCam\ShaggyCam2\  (21).jpg 148,413,184,199,1 166,195,179,122,1 168,121,174,95,1 
ShaggyCam\ShaggyCam2\  (22).jpg 153,408,189,214,1 169,210,181,134,1 169,135,177,91,1 
ShaggyCam\ShaggyCam2\  (23).jpg 157,412,196,255,1 162,258,184,155,1 168,154,177,96,1 
ShaggyCam\ShaggyCam2\  (24).jpg 158,413,195,242,1 160,242,175,145,1 166,146,177,99,1 
ShaggyCam\ShaggyCam2\  (25).jpg 153,412,193,219,1 159,220,178,145,1 161,142,172,96,1 
ShaggyCam\ShaggyCam2\  (26).jpg 148,410,188,211,1 157,214,178,140,1 159,148,172,103,1 
ShaggyCam\ShaggyCam2\  (27).jpg 142,410,187,223,1 157,226,181,154,1 166,158,174,129,1 163,128,176,98,1 
ShaggyCam\ShaggyCam2\  (28).jpg 135,414,185,238,1 153,241,179,170,1 161,172,174,136,1 167,138,174,119,1 165,118,175,98,1 
ShaggyCam\ShaggyCam2\  (29).jpg 134,415,182,296,1 150,279,178,201,1 144,306,183,282,1 156,203,175,137,1 161,129,173,96,1 
ShaggyCam\ShaggyCam2\  (3).jpg 166,414,209,310,1 169,314,195,209,1 170,212,186,155,1 166,157,181,98,1 169,101,175,55,1 
ShaggyCam\ShaggyCam2\  (30).jpg 182,411,154,235,1 177,234,161,151,1 174,149,166,98,1 
ShaggyCam\ShaggyCam2\  (31).jpg 183,414,148,211,1 180,208,158,130,1 178,131,165,95,1 
ShaggyCam\ShaggyCam2\  (32).jpg 192,413,136,259,1 187,252,146,167,1 183,166,155,111,1 181,111,163,95,1 
ShaggyCam\ShaggyCam2\  (33).jpg 194,414,125,282,1 193,281,141,203,1 188,201,154,146,1 183,142,158,110,1 181,103,166,93,1 
ShaggyCam\ShaggyCam2\  (34).jpg 196,415,129,280,1 192,278,137,215,1 192,211,147,153,1 193,155,158,111,1 189,110,159,95,1 
ShaggyCam\ShaggyCam2\  (35).jpg 194,414,128,309,1 196,311,140,230,1 197,230,151,162,1 195,162,158,129,1 194,131,168,107,1 
ShaggyCam\ShaggyCam2\  (36).jpg 201,406,128,300,1 200,300,146,199,1 197,200,158,140,1 193,140,166,114,1 189,114,164,103,1 
ShaggyCam\ShaggyCam2\  (37).jpg 169,94,192,134,1 162,141,196,180,1 154,178,197,227,1 142,220,193,339,1 130,327,197,382,1 
ShaggyCam\ShaggyCam2\  (38).jpg 158,91,194,149,1 161,149,199,205,1 150,203,199,265,1 140,260,190,313,1 126,308,192,387,1 
ShaggyCam\ShaggyCam2\  (39).jpg 167,95,191,137,1 162,132,191,180,1 148,175,183,244,1 138,235,182,325,1 117,309,180,397,1 
ShaggyCam\ShaggyCam2\  (4).jpg 160,50,189,125,1 159,123,204,213,1 160,210,210,284,1 160,283,235,404,1 
ShaggyCam\ShaggyCam2\  (40).jpg 92,406,176,252,1 135,250,183,156,1 162,157,187,121,1 167,120,185,98,1 
ShaggyCam\ShaggyCam2\  (41).jpg 187,95,171,122,1 183,127,159,166,1 180,164,141,224,1 174,223,126,275,1 164,275,85,416,1 
ShaggyCam\ShaggyCam2\  (42).jpg 74,408,164,260,1 123,257,172,201,1 143,196,178,149,1 160,145,182,127,1 170,123,185,99,1 
ShaggyCam\ShaggyCam2\  (43).jpg 70,407,150,305,1 105,307,162,213,1 140,210,175,159,1 153,158,179,128,1 167,129,185,95,1 
ShaggyCam\ShaggyCam2\  (44).jpg 55,412,140,295,1 103,293,156,215,1 126,218,170,162,1 147,163,176,126,1 160,126,180,100,1 
ShaggyCam\ShaggyCam2\  (45).jpg 54,412,135,316,1 91,322,150,257,1 118,259,165,210,1 130,211,175,153,1 149,155,175,119,1 165,118,182,103,1 
ShaggyCam\ShaggyCam2\  (46).jpg 53,410,137,332,1 80,329,149,236,1 112,235,156,184,1 128,187,180,128,1 160,125,187,93,1 
ShaggyCam\ShaggyCam2\  (47).jpg 53,410,142,292,1 97,292,148,218,1 121,221,162,157,1 148,157,188,115,1 168,110,187,94,1 
ShaggyCam\ShaggyCam2\  (48).jpg 47,403,132,303,1 82,302,146,217,1 120,216,166,160,1 144,158,182,111,1 173,107,181,101,1 
ShaggyCam\ShaggyCam2\  (49).jpg 43,413,118,307,1 87,304,149,228,1 111,227,157,171,1 130,169,177,123,1 161,118,173,108,1 
ShaggyCam\ShaggyCam2\  (5).jpg 165,405,212,284,1 163,284,208,212,1 161,206,217,93,1 165,130,192,51,1 
ShaggyCam\ShaggyCam2\  (50).jpg 30,411,116,304,1 85,301,150,211,1 127,209,171,153,1 157,154,187,109,1 
ShaggyCam\ShaggyCam2\  (51).jpg 28,408,111,331,1 72,333,150,231,1 130,231,181,159,1 170,158,200,115,1 
ShaggyCam\ShaggyCam2\  (52).jpg 30,410,119,324,1 83,323,156,230,1 133,232,184,174,1 165,177,198,139,1 184,140,212,111,1 
ShaggyCam\ShaggyCam2\  (53).jpg 32,411,138,285,1 106,286,178,202,1 160,201,198,162,1 180,164,214,129,1 207,130,222,112,1 
ShaggyCam\ShaggyCam2\  (54).jpg 24,412,119,323,1 79,325,162,237,1 135,236,191,183,1 175,183,211,140,1 197,141,226,111,1 
ShaggyCam\ShaggyCam2\  (55).jpg 20,410,123,312,1 84,314,161,240,1 136,240,186,189,1 173,190,210,155,1 193,154,218,134,1 207,135,229,113,1 
ShaggyCam\ShaggyCam2\  (56).jpg 9,411,118,307,1 83,306,162,230,1 137,230,185,186,1 173,185,207,153,1 196,149,227,118,1 220,120,231,110,1 
ShaggyCam\ShaggyCam2\  (57).jpg 5,399,111,305,1 75,305,160,225,1 140,226,194,176,1 177,177,213,146,1 200,148,232,111,1 
ShaggyCam\ShaggyCam2\  (58).jpg 2,389,125,271,1 98,269,180,196,1 157,198,204,159,1 193,159,225,126,1 220,125,239,112,1 
ShaggyCam\ShaggyCam2\  (59).jpg 6,376,130,265,1 99,268,183,194,1 164,191,212,154,1 194,157,230,126,1 220,126,243,110,1 
ShaggyCam\ShaggyCam2\  (6).jpg 228,412,164,241,1 205,238,166,132,1 189,127,169,88,1 182,85,161,56,1 
ShaggyCam\ShaggyCam2\  (60).jpg 1,372,121,276,1 95,275,171,212,1 151,210,209,162,1 191,158,227,135,1 218,134,246,114,1 
ShaggyCam\ShaggyCam2\  (61).jpg 6,380,128,279,1 97,279,170,222,1 146,224,210,172,1 192,170,241,139,1 227,137,259,112,1 
ShaggyCam\ShaggyCam2\  (62).jpg 218,407,155,246,1 188,245,148,172,1 177,174,142,104,1 163,101,144,68,1 161,64,142,56,1 
ShaggyCam\ShaggyCam2\  (63).jpg 216,405,135,320,1 206,317,140,244,1 193,240,137,176,1 183,174,132,114,1 172,111,131,61,1 
ShaggyCam\ShaggyCam2\  (64).jpg 216,409,128,289,1 199,287,134,209,1 186,206,140,130,1 167,128,139,88,1 163,88,148,61,1 
ShaggyCam\ShaggyCam2\  (65).jpg 215,410,125,295,1 201,294,127,221,1 190,222,131,150,1 186,150,135,101,1 166,101,136,53,1 
ShaggyCam\ShaggyCam2\  (66).jpg 216,413,121,263,1 195,262,138,153,1 173,150,135,96,1 165,95,139,53,1 
ShaggyCam\ShaggyCam2\  (67).jpg 219,410,138,260,1 196,261,140,158,1 180,158,139,94,1 165,91,147,64,1 163,62,157,58,1 
ShaggyCam\ShaggyCam2\  (68).jpg 222,412,135,269,1 193,270,140,175,1 180,173,139,110,1 172,110,143,55,1 
ShaggyCam\ShaggyCam2\  (69).jpg 221,411,138,305,1 205,303,142,216,1 193,217,142,154,1 179,151,146,105,1 173,107,145,48,1 
ShaggyCam\ShaggyCam2\  (7).jpg 231,410,147,247,1 205,246,159,159,1 195,154,157,94,1 189,95,159,55,1 
ShaggyCam\ShaggyCam2\  (70).jpg 215,411,134,267,1 207,264,146,181,1 185,181,147,119,1 179,118,148,76,1 177,79,148,52,1 
ShaggyCam\ShaggyCam2\  (71).jpg 221,414,130,285,1 204,284,139,182,1 186,181,133,126,1 183,126,147,92,1 175,89,144,63,1 
ShaggyCam\ShaggyCam2\  (72).jpg 218,412,135,247,1 197,248,141,150,1 180,149,147,105,1 179,109,149,53,1 
ShaggyCam\ShaggyCam2\  (73).jpg 223,412,135,303,1 213,301,149,202,1 193,200,142,125,1 185,130,152,55,1 
ShaggyCam\ShaggyCam2\  (74).jpg 151,412,210,261,1 209,263,149,166,1 194,163,156,86,1 183,83,160,51,1 
ShaggyCam\ShaggyCam2\  (75).jpg 232,410,142,247,1 212,247,150,149,1 195,148,155,74,1 190,70,164,50,1 
ShaggyCam\ShaggyCam2\  (76).jpg 233,409,142,269,1 216,268,149,179,1 203,179,153,110,1 195,109,166,75,1 188,70,170,54,1 
ShaggyCam\ShaggyCam2\  (77).jpg 145,409,210,240,1 161,233,197,120,1 168,119,185,70,1 172,67,184,45,1 
ShaggyCam\ShaggyCam2\  (8).jpg 229,412,143,281,1 210,280,151,199,1 197,197,155,138,1 190,138,158,102,1 186,104,156,65,1 
ShaggyCam\ShaggyCam2\  (9).jpg 142,411,211,277,1 146,276,194,174,1 150,168,187,116,1 155,115,177,65,1 